-223
-1221
-344
-1141
-629
1049
1288
-500
1777
-558
733
-288
-1823
-764
1282
-1479
1519
-1128
1548
1092
333
1146
-1763
741
1544
-1546
1591
1643
-1417
-289
-1629
1389
-438
1904
-830
-1508
1914
1790
363
-766
1331
250
-630
-1544
-942
-1061
-129
-915
545
-267
787
-1075
3
-1421
1576
-965
-1195
835
879
-971
1936
-1813
-1834
-882
24
546
-1140
1326
1135
1716
-764
1096
-104
391
338
-473
-1196
-1178
993
-395
-1530
-51
-799
-1354
-1698
1350
-532
1114
517
-742
1712
524
-115
-1865
-1994
1026
1983
-93
1455
1771